72157715389689993
72157715111612677
72157715080213567
72157714861647416
72157714106148702
72157712239493692
72157707887315664
72157679615052838
72157704003376002
72157697013928660
72157668740482637
72157696978307941
72157690248795921
72157680850157014
72157678526503625
72157670101428945
72157668515407862
72157667936936671
72157667039157886
72157655740267208
72157650449889999
72157650779083922
72157638717830323
72157637599821123
72157636827364343
72157636826633626
72157636484840823
72157636484607454
72157636484214666
72157636484529923
72157636484280664
72157635395934304
72157635395934298
72157634885010136
72157634686186801
72157632739015343
72157632258660000
72157631752744929
72157631744999488
72157631708767671
72157631708767659
72157631698158889
72157631691065807
72157631683191032
72157631574502591
72157631574502589
72157631566204634
72157631566177098
72157631557559867
72157631553807585
72157631523158592
72157631523121900
72157631519997050
72157631519982888
